$ANSIBLE_VAULT;1.1;AES256
38363761643030303564646233343066386163656135653330623864383338646231633236326230
6331303332323031386266623166373661323532653730640a313436316332303433303934666336
61343562356262366663303937326461636263653933353936616532636533663161656531396336
6232386164396539350a393434373062613031613565373630383365313339353438656665373030
38613964663834343535663539646361316532346561313333646162626562356230323965343765
66336636616136303830353635623566386537323666346537663461373438643034316461626130
35333566656463393166316165316161343333373032343263336563343635616136656134616331
64396562633431616532646134376237316631633638646336386531643964376334656538333762
35333232343236643937653466623461663162336561316335363239316232643166323036663933
32333733396466343735623264326236373066346162383338353862333064333333333439316564
61303763613034323634636533323037636465396362643864383239363736616534653833626535
64343235373730373666393132396439373339343463383334666637393862383765396637386134
33356533386437353963613262633566313633386437373836646333663134343965663561623561
66303862623366393033663130393863633230303534336566646165633130626339393936666136
33623364336264623032333261616666623365393566616436353330353734383764333063623566
33383066343038633935393436373836656633386433366166383635333135643231393937396661
66666233333434646430323039366666633038666430623362356163326362613432636565626438
37323731633239653132643266376463343665346366393131353462363735663163643831623033
61343932393438333835303330363064636634636462623539396531626131633833356531613739
64623466376438323364653165343061373264646265393836343433356562346262613465643533
36323466376461346136303933303838646531613035616163363030353437383836386234373432
32383431636365323062636165356164323538663030373631663562386534666463363537393033
35663232666432343739313462663963333366326665313262346137653339613839363161656231
64303138656637393464623465336462613866333964633937626139653438343661653732353162
3061
